Gauss Seidal Method

The augmented matrix entered is :
  10.000000   -1.000000    2.000000    0.000000  |   6.000000 
  -1.000000   11.000000   -1.000000    3.000000  |  25.000000 
   2.000000   -1.000000   10.000000   -1.000000  | -11.000000 
   0.000000    3.000000   -1.000000    8.000000  |  15.000000 

Iteration 1 :

x[1]=  0.000000
x[2]=  0.000000
x[3]=  0.000000
x[4]=  0.000000
Iteration 2 :

x[1]=  0.600000
x[2]=  2.327273
x[3]= -0.987273
x[4]=  0.878864
Iteration 3 :

x[1]=  1.030182
x[2]=  2.036938
x[3]= -1.014456
x[4]=  0.984341
Iteration 4 :

x[1]=  1.006585
x[2]=  2.003555
x[3]= -1.002527
x[4]=  0.998351
Iteration 5 :

x[1]=  1.000861
x[2]=  2.000298
x[3]= -1.000307
x[4]=  0.999850
Iteration 6 :

x[1]=  1.000091
x[2]=  2.000021
x[3]= -1.000031
x[4]=  0.999988
Iteration 7 :

x[1]=  1.000008
x[2]=  2.000001
x[3]= -1.000003
x[4]=  0.999999
The solutions of the given equations are :

tx[1]=      1.00

tx[2]=      2.00

tx[3]=     -1.00

tx[4]=      1.00
